waiting mail reply
03008491210
03234111123
03218472299
03004793348
03024456990
03214359753
03334555046
03345298395
03239000053
03214550077
03218413888
03055699768
03004793348
03218402226
03334808000
03334803061
03007645600
03228959890
03145355614


03345298395
03060110799
03341118989
03218139191
03126000007
03315111209
03000321845
03215842268
03084848886
03214298080
03217333375
03235422224
03218139191
03333336333
03065194868
03218406903
042371822867
03236667574
03004615656
03345444161
03495024678
034405555512
03024190245
03004779462
03244178989
03244444566
03007125074
03214866211
03024590272
03008442101
03315111209


03218441774
03214866211
03004981981
03458481766
03224233010
03144002803
03412000189
03218490238
03005038463
03005400049
03411167111
03219498045
03321533366
03075783092
03340917037
03228436633
03008442101
03005785266
03315999370
03136913864
03459899289
03214441356
03247002504





03244178989
03005768013
03432600002 
03005765562 
03005762247 
03340911767 
03005761588 
03085750239
03005763051
03005768606
03107515745
03368080884
03319159601
03106399128
03005765215
03005765562
03005763051
03200855883
03006201037
03005761731
03005762215
03006200422
03005769886
03006200092
03005768606
03005765215
03357599076
03006201399
03434430098
03339852338
03223549771
03085750239
03006201072
03077548309
03213043858
03213047089
03214266375
03213047089
03006202046
03332446797
03434430098
03006201399
03357599076
03005765215
03325495325
03363806149
03106399128
03459899289
03349283377
03005763090
03030382586
03006200427
03345719426
03006201619
03006619149
03451092080
03426614959
03006655065
03006625444
03006683053
03006655065
03068012676
03006663696
03481694316
03426614959
03006625444
03336654418
03068012676
03459899289
03215500343
03354080195
03218495622
03016558285
03455511188
03354080195
03459899289
03028500686
03218402226
03218880786
03333211151
03223549771
03006690447
03036316133
03329376441
03005764476
03159098534
03068012676




0300
